711

111). 11852

will 111
Λ111111
continued.

LIBER DE 111111.

1111111, 1111111 have 1 now sorchnrgyd 111111111111
111 my 11111111 111111 1 aske 111111 111 111111 111111
1111111111 111111, that 1111 111 not, sor 111111 that
111111111111111 that 1111 1111 be 111111, 11111111 ·
1111111111· ,1111111111

11 111111 11111 111111 tho 111111111111111111111111111
11111111111111111,11111111111111 111111 os 1111 11111111
1111111111 ,111111111111 1-111111, 111 11111111 1111 11111
,1111111111 11111111. 111111 1 11111 11 111111 1111111
1111111111, 11111111 1111111 11111·1,111111 11111 1111111
1111111111. 111· 111 11111· 1111 1111111.

‘2 ,11111 1 11111 11111111111111111 111111111111111111111
111111 11111111111111, 111111 11111 1111· 1111 11111 110111
1111 11111111 111111 11111· 11111. Ι111111 l 11111Ι that
111111· 111-11· 11111 111 1111· next 111111111111111, 1111111111.Ι
111111 that 11111111111 111111, 1111111 111 11111 11111111
111111 1111 go 111 1111 11111111 1111111 1113111111111113
11111111111111111 111111 111. 11111 111111 1111111
11111 1111111, 1111 1111 ,1111111 wyse, 111111111111111 111
1111· 1111111111. 1111 1111111 11 1 111111 11111111 1111
1111111· 111 110111111111111 11111111, 1 11“1·11111111.111’111 ι
11111· day, 111 111 zolde 1111 111 1111 1111111111 11111,
1111 11111111 11111111111111111. 11111111 11111 111
11111· 111 1111111111 1111 will 11111·1,·; 11111111 11 111
Bw. 1111111 gu 1111 11111· 11111, 11111, 1111 111 wo hem
11111111· 111111· 111-111111111111.

'' 1·’11·11111’111111·1.· 1 ,111 111111 11111 1111 3111111101
1111· 1111111111 111 1111 11111 111 11111111 1 3111111081,
1111111111· 11111 11111 1111111111 1111111111, 111· 11111111, 1111
1111111111 1111111ις 111111 1 11111111, 011 1111111111· name,
111111 1111 1111 11111111·1111,111111 1111111· 111 1111 1111111111·
111111111111111111111 11111 1111111111 1111 111 111111111-
11111· 111111 1 111111 1111· 111111 111··1111·11111111 10
11111· 11111111, 111111 11·δ 1111 1111 1111 1111111111111118
ns 11111-111111111 111 1111 1111111111 111111 1 most

¹ Ms. 1111111- .1111 1111111.

 

